[app/ui]
version = 7.3.0
modtime = 1611105031.720981000

[app/launcher]
version = 7.3.0
modtime = 1611105031.722103000

[views/typegen]
owner = admin
version = 7.3.0
modtime = 1611105270.448542000

[nav/default]
version = 7.3.0
modtime = 1611105325.824753000
